  1.  0. -0.918943631
  1.  0.261799388 -0.01566691
  1.  0.523598776  0.00481586
  1.  0.785398163  0.00653518
  1.  1.04719755 -0.01387981
  1.  1.30899694  0.03578325
  1.  1.57079633  0.0397954
  1.  1.83259571  0.0532035
  1.  2.0943951 -0.05007416
  1.  2.35619449 -0.0589972
  1.  2.61799388  3.96214922
  1.  2.87979327 -0.131249528
  1.  3.14159274 -2.00390644

  1.2  0. -0.302414629
  1.2  0.261799388 -0.0273264
  1.2  0.523598776  0.00285834
  1.2  0.785398163  0.00518241
  1.2  1.04719755 -0.00158457
  1.2  1.30899694  0.03204662
  1.2  1.57079633  0.01951031
  1.2  1.83259571  0.02761872
  1.2  2.0943951 -0.049007416
  1.2  2.35619449 -0.0884834
  1.2  2.61799388  2.04839185
  1.2  2.87979327 -0.129266066
  1.2  3.14159274 -0.99063853

  1.4  0.  0.05380714
  1.4  0.261799388 -0.04333244
  1.4  0.523598776  0.0066237
  1.4  0.785398163  0.00668951
  1.4  1.04719755  0.00091334
  1.4  1.30899694  0.00889086
  1.4  1.57079633 -0.00542097
  1.4  1.83259571 -0.02240538
  1.4  2.0943951  0.04572803
  1.4  2.35619449 -0.11697692
  1.4  2.61799388  0.83400835
  1.4  2.87979327 -0.127583325
  1.4  3.14159274 -0.403368647

  1.6  0.  0.17703447
  1.6  0.261799388 -0.01711804
  1.6  0.523598776  0.00664654
  1.6  0.785398163  0.00341357
  1.6  1.04719755 -0.00326861
  1.6  1.30899694 -0.0090005
  1.6  1.57079633 -0.0294899
  1.6  1.83259571 -0.0756188
  1.6  2.0943951 -0.09874096
  1.6  2.35619449 -0.14193168
  1.6  2.61799388  0.161836525
  1.6  2.87979327 -0.126242759
  1.6  3.14159274 -0.129583614

  1.8  0.  0.1553492
  1.8  0.261799388  0.00890401
  1.8  0.523598776  0.00143157
  1.8  0.785398163 -0.00415535
  1.8  1.04719755 -0.00924388
  1.8  1.30899694 -0.01870219
  1.8  1.57079633 -0.04995342
  1.8  1.83259571 -0.11077154
  1.8  2.0943951 -0.1523872
  1.8  2.35619449 -0.16080157
  1.8  2.61799388 -0.12528582
  1.8  2.87979327 -0.12528582
  1.8  3.14159265 -0.05677026

  2.  0.  0.10721769
  2.  0.261799388 -0.00216686
  2.  0.523598776 -0.0073271
  2.  0.785398163 -0.0087924
  2.  1.04719755 -0.01165698
  2.  1.30899694 -0.02383591
  2.  1.57079633 -0.06517309
  2.  1.83259571 -0.11800902
  2.  2.0943951 -0.15678286
  2.  2.35619449 -0.17209099
  2.  2.61799388 -0.18452088
  2.  2.87979327 -0.12475396
  2.  3.14159265 -0.07241541

  2.1  0. -0.0327493
  2.1  0.261799388 -0.00770551
  2.1  0.523598776 -0.01132548
  2.1  0.785398163 -0.01063907
  2.1  1.04719755 -0.01293075
  2.1  1.30899694 -0.02669096
  2.1  1.57079633 -0.07079519
  2.1  1.83259571 -0.12000036
  2.1  2.0943951 -0.15350302
  2.1  2.35619449 -0.17557897
  2.1  2.61799388 -0.17913431
  2.1  2.87979327 -0.12464614
  2.1  3.14159265 -0.07133549

  2.2  0. -0.04132519
  2.2  0.261799388 -0.0136569
  2.2  0.523598776 -0.01491369
  2.2  0.785398163 -0.01207113
  2.2  1.04719755 -0.01431739
  2.2  1.30899694 -0.02922177
  2.2  1.57079633 -0.07516343
  2.2  1.83259571 -0.12097782
  2.2  2.0943951 -0.1519826
  2.2  2.35619449 -0.17780076
  2.2  2.61799388 -0.17779688
  2.2  2.87979327 -0.12463797
  2.2  3.14159265 -0.03942254

  2.3  0. -0.05114393
  2.3  0.261799388 -0.01938079
  2.3  0.523598776 -0.01791762
  2.3  0.785398163 -0.01325949
  2.3  1.04719755 -0.01577903
  2.3  1.30899694 -0.03149255
  2.3  1.57079633 -0.07833129
  2.3  1.83259571 -0.12100136
  2.3  2.0943951 -0.15060911
  2.3  2.35619449 -0.17889615
  2.3  2.61799388 -0.18009289
  2.3  2.87979327 -0.12496094
  2.3  3.14159265 -0.03897592

  2.4  0. -0.0616347
  2.4  0.261799388 -0.02484174
  2.4  0.523598776 -0.02032023
  2.4  0.785398163 -0.01438885
  2.4  1.04719755 -0.01725334
  2.4  1.30899694 -0.03359683
  2.4  1.57079633 -0.08035224
  2.4  1.83259571 -0.12003579
  2.4  2.0943951 -0.14916113
  2.4  2.35619449 -0.17904361
  2.4  2.61799388 -0.18611797
  2.4  2.87979327 -0.12588308
  2.4  3.14159265 -0.03808831

  2.5  0. -0.0711952
  2.5  0.261799388 -0.02971711
  2.5  0.523598776 -0.02219165
  2.5  0.785398163 -0.01559066
  2.5  1.04719755 -0.0186955
  2.5  1.30899694 -0.03555199
  2.5  1.57079633 -0.08127975
  2.5  1.83259571 -0.11779806
  2.5  2.0943951 -0.14749118
  2.5  2.35619449 -0.1784391
  2.5  2.61799388 -0.19577108
  2.5  2.87979327 -0.12757998
  2.5  3.14159265 -0.03746969

  2.6  0. -0.07842143
  2.6  0.261799388 -0.03381123
  2.6  0.523598776 -0.02496335
  2.6  0.785398163 -0.01692358
  2.6  1.04719755 -0.02011392
  2.6  1.30899694 -0.03737543
  2.6  1.57079633 -0.08116729
  2.6  1.83259571 -0.11403191
  2.6  2.0943951 -0.14563589
  2.6  2.35619449 -0.17732759
  2.6  2.61799388 -0.20499351
  2.6  2.87979327 -0.13004443
  2.6  3.14159265 -0.03770057

  2.7  0. -0.08298794
  2.7  0.261799388 -0.03722878
  2.7  0.523598776 -0.02488605
  2.7  0.785398163 -0.0183131
  2.7  1.04719755 -0.02154284
  2.7  1.30899694 -0.03904095
  2.7  1.57079633 -0.08006834
  2.7  1.83259571 -0.10821434
  2.7  2.0943951 -0.1435098
  2.7  2.35619449 -0.17604062
  2.7  2.61799388 -0.20880402
  2.7  2.87979327 -0.1333696
  2.7  3.14159265 -0.0393749

  2.8  0. -0.08530008
  2.8  0.261799388 -0.03975758
  2.8  0.523598776 -0.02616615
  2.8  0.785398163 -0.01961658
  2.8  1.04719755 -0.02294542
  2.8  1.30899694 -0.04039678
  2.8  1.57079633 -0.07803636
  2.8  1.83259571 -0.09996277
  2.8  2.0943951 -0.14117833
  2.8  2.35619449 -0.17489119
  2.8  2.61799388 -0.208371
  2.8  2.87979327 -0.13745021
  2.8  3.14159265 -0.04282645

  2.9  0. -0.08581078
  2.9  0.261799388 -0.04176357
  2.9  0.523598776 -0.027463
  2.9  0.785398163 -0.02084463
  2.9  1.04719755 -0.02427868
  2.9  1.30899694 -0.04140203
  2.9  1.57079633 -0.07512484
  2.9  1.83259571 -0.09314418
  2.9  2.0943951 -0.13859478
  2.9  2.35619449 -0.17288756
  2.9  2.61799388 -0.20602861
  2.9  2.87979327 -0.14184669
  2.9  3.14159265 -0.04891813

  3.  0. -0.08521323
  3.  0.261799388 -0.04294836
  3.  0.523598776 -0.02865656
  3.  0.785398163 -0.02202123
  3.  1.04719755 -0.02549536
  3.  1.30899694 -0.04200127
  3.  1.57079633 -0.07138724
  3.  1.83259571 -0.0917074
  3.  2.0943951 -0.13576586
  3.  2.35619449 -0.1703652
  3.  2.61799388 -0.2029743
  3.  2.87979327 -0.14530942
  3.  3.14159265 -0.17393969

  3.1  0. -0.08343156
  3.1  0.261799388 -0.0436572
  3.1  0.523598776 -0.03015411
  3.1  0.785398163 -0.02313272
  3.1  1.04719755 -0.02658782
  3.1  1.30899694 -0.04234664
  3.1  1.57079633 -0.06687703
  3.1  1.83259571 -0.09143201
  3.1  2.0943951 -0.13279351
  3.1  2.35619449 -0.16758707
  3.1  2.61799388 -0.19953721
  3.1  2.87979327 -0.14775506
  3.1  3.14159265 -0.18595665

  3.2  0. -0.07989834
  3.2  0.261799388 -0.04404951
  3.2  0.523598776 -0.02896744
  3.2  0.785398163 -0.02414764
  3.2  1.04719755 -0.02739597
  3.2  1.30899694 -0.04209446
  3.2  1.57079633 -0.06225373
  3.2  1.83259571 -0.09025841
  3.2  2.0943951 -0.1295723
  3.2  2.35619449 -0.16462417
  3.2  2.61799388 -0.19580243
  3.2  2.87979327 -0.14923698
  3.2  3.14159265 -0.19703214

  3.3  0. -0.0751211
  3.3  0.261799388 -0.04412498
  3.3  0.523598776 -0.02791744
  3.3  0.785398163 -0.02504274
  3.3  1.04719755 -0.02800434
  3.3  1.30899694 -0.04075231
  3.3  1.57079633 -0.05957509
  3.3  1.83259571 -0.08812138
  3.3  2.0943951 -0.12618841
  3.3  2.35619449 -0.16147481
  3.3  2.61799388 -0.19196946
  3.3  2.87979327 -0.14984852
  3.3  3.14159265 -0.20638451

  3.4  0. -0.07036842
  3.4  0.261799388 -0.04391935
  3.4  0.523598776 -0.0277967
  3.4  0.785398163 -0.02579848
  3.4  1.04719755 -0.02846672
  3.4  1.30899694 -0.03838968
  3.4  1.57079633 -0.0572213
  3.4  1.83259571 -0.08524876
  3.4  2.0943951 -0.12258982
  3.4  2.35619449 -0.15803461
  3.4  2.61799388 -0.18832776
  3.4  2.87979327 -0.15061844
  3.4  3.14159265 -0.21362048

  3.5  0. -0.06621298
  3.5  0.261799388 -0.04346625
  3.5  0.523598776 -0.02837389
  3.5  0.785398163 -0.02641386
  3.5  1.04719755 -0.02866721
  3.5  1.30899694 -0.03658922
  3.5  1.57079633 -0.05338508
  3.5  1.83259571 -0.08191001
  3.5  2.0943951 -0.11865838
  3.5  2.35619449 -0.15425447
  3.5  2.61799388 -0.18506882
  3.5  2.87979327 -0.15223254
  3.5  3.14159265 -0.21745782

  3.6  0. -0.06242544
  3.6  0.261799388 -0.04279311
  3.6  0.523598776 -0.02941766
  3.6  0.785398163 -0.0268885
  3.6  1.04719755 -0.02896005
  3.6  1.30899694 -0.03487157
  3.6  1.57079633 -0.05077318
  3.6  1.83259571 -0.07833399
  3.6  2.0943951 -0.11444971
  3.6  2.35619449 -0.15007158
  3.6  2.61799388 -0.18222678
  3.6  2.87979327 -0.15433195
  3.6  3.14159265 -0.21743634

  3.7  0. -0.05882566
  3.7  0.261799388 -0.04192855
  3.7  0.523598776 -0.03069668
  3.7  0.785398163 -0.02730958
  3.7  1.04719755 -0.02848915
  3.7  1.30899694 -0.03320125
  3.7  1.57079633 -0.0482193
  3.7  1.83259571 -0.07463371
  3.7  2.0943951 -0.10990429
  3.7  2.35619449 -0.14544118
  3.7  2.61799388 -0.17940517
  3.7  2.87979327 -0.15655366
  3.7  3.14159265 -0.21348953

  3.8  0. -0.05531874
  3.8  0.261799388 -0.04090758
  3.8  0.523598776 -0.03197963
  3.8  0.785398163 -0.02844655
  3.8  1.04719755 -0.02749923
  3.8  1.30899694 -0.03156315
  3.8  1.57079633 -0.04572692
  3.8  1.83259571 -0.07089769
  3.8  2.0943951 -0.10508592
  3.8  2.35619449 -0.1403498
  3.8  2.61799388 -0.17569911
  3.8  2.87979327 -0.15861384
  3.8  3.14159265 -0.20733974

  3.9  0. -0.05192258
  3.9  0.261799388 -0.0397552
  3.9  0.523598776 -0.03303515
  3.9  0.785398163 -0.02900729
  3.9  1.04719755 -0.02631409
  3.9  1.30899694 -0.0299562
  3.9  1.57079633 -0.04329688
  3.9  1.83259571 -0.0671881
  3.9  2.0943951 -0.10008821
  3.9  2.35619449 -0.13482616
  3.9  2.61799388 -0.1707849
  3.9  2.87979327 -0.16027468
  3.9  3.14159265 -0.20040915

  4.  0. -0.04865127
  4.  0.261799388 -0.03876231
  4.  0.523598776 -0.03363192
  4.  0.785398163 -0.02822505
  4.  1.04719755 -0.02505282
  4.  1.30899694 -0.02838319
  4.  1.57079633 -0.04093721
  4.  1.83259571 -0.06353827
  4.  2.0943951 -0.09501072
  4.  2.35619449 -0.12894764
  4.  2.61799388 -0.16476936
  4.  2.87979327 -0.16128188
  4.  3.14159265 -0.19300638

  4.1  0. -0.04551529
  4.1  0.261799388 -0.0378676
  4.1  0.523598776 -0.0334198
  4.1  0.785398163 -0.02700183
  4.1  1.04719755 -0.02377501
  4.1  1.30899694 -0.02684812
  4.1  1.57079633 -0.03864705
  4.1  1.83259571 -0.0599788
  4.1  2.0943951 -0.08992715
  4.1  2.35619449 -0.12282643
  4.1  2.61799388 -0.15790594
  4.1  2.87979327 -0.16543043
  4.1  3.14159265 -0.18516182

  4.2  0. -0.04253911
  4.2  0.261799388 -0.03689604
  4.2  0.523598776 -0.03198857
  4.2  0.785398163 -0.0256045
  4.2  1.04719755 -0.02251426
  4.2  1.30899694 -0.02535919
  4.2  1.57079633 -0.03644265
  4.2  1.83259571 -0.05652634
  4.2  2.0943951 -0.08489645
  4.2  2.35619449 -0.11658189
  4.2  2.61799388 -0.15046672
  4.2  2.87979327 -0.16456276
  4.2  3.14159265 -0.17696349

  4.4  0. -0.03692407
  4.4  0.261799388 -0.03402233
  4.4  0.523598776 -0.02841615
  4.4  0.785398163 -0.02277858
  4.4  1.04719755 -0.02003473
  4.4  1.30899694 -0.02253556
  4.4  1.57079633 -0.03227629
  4.4  1.83259571 -0.05000778
  4.4  2.0943951 -0.07524498
  4.4  2.35619449 -0.10412449
  4.4  2.61799388 -0.13489033
  4.4  2.87979327 -0.15331635
  4.4  3.14159265 -0.15998281

  4.6  0. -0.03188411
  4.6  0.261799388 -0.02958516
  4.6  0.523598776 -0.02488152
  4.6  0.785398163 -0.02006034
  4.6  1.04719755 -0.01771149
  4.6  1.30899694 -0.01992481
  4.6  1.57079633 -0.02843958
  4.6  1.83259571 -0.04399952
  4.6  2.0943951 -0.06629296
  4.6  2.35619449 -0.09216654
  4.6  2.61799388 -0.11951459
  4.6  2.87979327 -0.13657147
  4.6  3.14159265 -0.14260534

  4.8  0. -0.02744315
  4.8  0.261799388 -0.02558491
  4.8  0.523598776 -0.0216359
  4.8  0.785398163 -0.01755244
  4.8  1.04719755 -0.01557055
  4.8  1.30899694 -0.01753798
  4.8  1.57079633 -0.02496869
  4.8  1.83259571 -0.03854689
  4.8  2.0943951 -0.05808862
  4.8  2.35619449 -0.08104146
  4.8  2.61799388 -0.10511397
  4.8  2.87979327 -0.12066031
  4.8  3.14159265 -0.12661308

  5.  0. -0.02355886
  5.  0.261799388 -0.02204111
  5.  0.523598776 -0.01872451
  5.  0.785398163 -0.01528094
  5.  1.04719755 -0.01362222
  5.  1.30899694 -0.01537197
  5.  1.57079633 -0.02183443
  5.  1.83259571 -0.03364872
  5.  2.0943951 -0.05068879
  5.  2.35619449 -0.07087525
  5.  2.61799388 -0.09187193
  5.  2.87979327 -0.10588993
  5.  3.14159265 -0.11134874

  5.2  0. -0.02017537
  5.2  0.261799388 -0.01892705
  5.2  0.523598776 -0.01614448
  5.2  0.785398163 -0.01324535
  5.2  1.04719755 -0.01186586
  5.2  1.30899694 -0.01341847
  5.2  1.57079633 -0.01902117
  5.2  1.83259571 -0.02926923
  5.2  2.0943951 -0.04407091
  5.2  2.35619449 -0.06171782
  5.2  2.61799388 -0.07933405
  5.2  2.87979327 -0.09243422
  5.2  3.14159265 -0.09739641

  5.4  0. -0.01723769
  5.4  0.261799388 -0.01620514
  5.4  0.523598776 -0.01387335
  5.4  0.785398163 -0.00908519
  5.4  1.04719755 -0.01029375
  5.4  1.30899694 -0.01166682
  5.4  1.57079633 -0.0165086
  5.4  1.83259571 -0.02537713
  5.4  2.0943951 -0.03819412
  5.4  2.35619449 -0.05355255
  5.4  2.61799388 -0.06890434
  5.4  2.87979327 -0.08034418
  5.4  3.14159265 -0.08483338

  5.6  0. -0.01469463
  5.6  0.261799388 -0.01383821
  5.6  0.523598776 -0.01188434
  5.6  0.785398163 -0.00333899
  5.6  1.04719755  0.00833978
  5.6  1.30899694 -0.01010527
  5.6  1.57079633 -0.01428311
  5.6  1.83259571 -0.02193446
  5.6  2.0943951 -0.03300838
  5.6  2.35619449 -0.04632059
  5.6  2.61799388 -0.05963947
  5.6  2.87979327 -0.069587
  5.6  3.14159265 -0.07362521

  5.8  0. -0.0124994
  5.8  0.261799388  0.01128626
  5.8  0.523598776 -0.00958933
  5.8  0.785398163  0.00250852
  5.8  1.04719755  0.00731566
  5.8  1.30899694 -0.00872099
  5.8  1.57079633 -0.01232253
  5.8  1.83259571 -0.01889665
  5.8  2.0943951 -0.02844562
  5.8  2.35619449 -0.03994284
  5.8  2.61799388 -0.05146378
  5.8  2.87979327 -0.06008466
  5.8  3.14159265 -0.06370125

  6.  0. -0.01060948
  6.  0.261799388  0.00971591
  6.  0.523598776 -0.0069879
  6.  0.785398163  0.00697264
  6.  1.04719755  0.00636254
  6.  1.30899694 -0.00750033
  6.  1.57079633 -0.01059794
  6.  1.83259571 -0.0162432
  6.  2.0943951 -0.02444204
  6.  2.35619449 -0.03434975
  6.  2.61799388 -0.04428895
  6.  2.87979327 -0.05173615
  6.  3.14159265 -0.05495852

  7.  0. -0.00451114
  7.  0.261799388  0.0042707
  7.  0.523598776  0.00371022
  7.  0.785398163  0.00313128
  7.  1.04719755  0.00290248
  7.  1.30899694  0.00335648
  7.  1.57079633  0.00476523
  7.  1.83259571 -0.00734134
  7.  2.0943951 -0.01106272
  7.  2.35619449 -0.01560489
  7.  2.61799388 -0.02019313
  7.  2.87979327 -0.02366818
  7.  3.14159265 -0.02531447

  8.  0. -0.00182861
  8.  0.261799388  0.00174174
  8.  0.523598776  0.00152073
  8.  0.785398163  0.00129589
  8.  1.04719755  0.00121784
  8.  1.30899694  0.00142532
  8.  1.57079633  0.00203734
  8.  1.83259571  0.00314315
  8.  2.0943951  0.00476223
  8.  2.35619449  0.00675568
  8.  2.61799388 -0.00878363
  8.  2.87979327 -0.01032729
  8.  3.14159265 -0.01105868

  9.  0. -0.00071103
  9.  0.261799388  0.00067827
  9.  0.523598776  0.00059406
  9.  0.785398163  0.00050956
  9.  1.04719755  0.00048421
  9.  1.30899694  0.00057409
  9.  1.57079633  0.00082902
  9.  1.83259571  0.00128901
  9.  2.0943951  0.00196652
  9.  2.35619449  0.00280821
  9.  2.61799388  0.00367027
  9.  2.87979327  0.00433093
  9.  3.14159265  0.00463804

  10.  0. -0.00026451
  10.  0.261799388  0.00025205
  10.  0.523598776  0.00021991
  10.  0.785398163  0.00018803
  10.  1.04719755  0.00017978
  10.  1.30899694  0.00021747
  10.  1.57079633  0.00032104
  10.  1.83259571  0.00050701
  10.  2.0943951  0.00078118
  10.  2.35619449  0.00112372
  10.  2.61799388  0.0014765
  10.  2.87979327  0.00174834
  10.  3.14159265  0.00187278

  12.  0. -2.78E-05
  12.  0.261799388  2.618E-05
  12.  0.523598776  2.214E-05
  12.  0.785398163  1.829E-05
  12.  1.04719755  1.77E-05
  12.  1.30899694  2.336E-05
  12.  1.57079633  3.817E-05
  12.  1.83259571  6.49E-05
  12.  2.0943951  0.00010502
  12.  2.35619449  0.00015621
  12.  2.61799388  0.00020976
  12.  2.87979327  0.00025152
  12.  3.14159265  0.00027022

  14.  0. -1.65E-06
  14.  0.261799388  1.53E-06
  14.  0.523598776  1.23E-06
  14.  0.785398163  9.6E-07
  14.  1.04719755  9.7E-07
  14.  1.30899694  1.51E-06
  14.  1.57079633  2.91E-06
  14.  1.83259571  5.57E-06
  14.  2.0943951  9.85E-06
  14.  2.35619449  1.567E-05
  14.  2.61799388  2.207E-05
  14.  2.87979327  2.724E-05
  14.  3.14159265  2.953E-05

  16.  0. -5.E-08
  16.  0.261799388  5.E-08
  16.  0.523598776  3.E-08
  16.  0.785398163  2.E-08
  16.  1.04719755  3.E-08
  16.  1.30899694  6.E-08
  16.  1.57079633  1.3E-07
  16.  1.83259571  2.9E-07
  16.  2.0943951  5.8E-07
  16.  2.35619449  1.E-06
  16.  2.61799388  1.49E-06
  16.  2.87979327  1.91E-06
  16.  3.14159265  2.09E-06

  18.  0.  0.
  18.  0.261799388  0.
  18.  0.523598776  0.
  18.  0.785398163  0.
  18.  1.04719755  0.
  18.  1.30899694  0.
  18.  1.57079633  0.
  18.  1.83259571  1.E-08
  18.  2.0943951  2.E-08
  18.  2.35619449  4.E-08
  18.  2.61799388  6.E-08
  18.  2.87979327  8.E-08
  18.  3.14159265  9.E-08

  20.  0.  0.
  20.  0.261799388  0.
  20.  0.523598776  0.
  20.  0.785398163  0.
  20.  1.04719755  0.
  20.  1.30899694  0.
  20.  1.57079633  0.
  20.  1.83259571  0.
  20.  2.0943951  0.
  20.  2.35619449  0.
  20.  2.61799388  0.
  20.  2.87979327  0.
  20.  3.14159265  0.

