  1.  0.  18.8547585
  1.  0.261799388  15.3345872
  1.  0.523598776  4.8839909
  1.  0.785398163  1.8415797
  1.  1.04719755  0.752945
  1.  1.30899694  0.3718914
  1.  1.57079633  0.2608543
  1.  1.83259571  0.3291035
  1.  2.0943951  0.6137797
  1.  2.35619449  1.3177039
  1.  2.61799383  61.7582339
  1.  2.87979327  15.1351429
  1.  3.14159274  28.9773839

  1.2  0.  10.2761125
  1.2  0.261799388  7.50814277
  1.2  0.523598776  2.9404064
  1.2  0.785398163  1.0886486
  1.2  1.04719755  0.39904935
  1.2  1.30899694  0.17532666
  1.2  1.57079633  0.10114365
  1.2  1.83259571  0.20150535
  1.2  2.0943951  0.3137797
  1.2  2.35619449  1.06444758
  1.2  2.61799383  34.6015454
  1.2  2.87979327  9.96602859
  1.2  3.14159274  18.2262707

  1.4  0.  4.96948183
  1.4  0.261799388  3.41005609
  1.4  0.523598776  1.5144954
  1.4  0.785398163  0.5385304
  1.4  1.04719755  0.15260978
  1.4  1.30899694  0.0484042
  1.4  1.57079633 -0.0048169
  1.4  1.83259571  0.11658509
  1.4  2.0943951  0.2408304
  1.4  2.35619449  0.7853376
  1.4  2.61799383  16.9465615
  1.4  2.87979327  6.1999378
  1.4  3.14159274  10.6969445

  1.6  0.  2.10835915
  1.6  0.261799388  1.5184063
  1.6  0.523598776  0.66576131
  1.6  0.785398163  0.1963946
  1.6  1.04719755 -0.00018648
  1.6  1.30899694 -0.04112512
  1.6  1.57079633 -0.05933121
  1.6  1.83259571  0.06393704
  1.6  2.0943951  0.1056226
  1.6  2.35619449  0.5180918
  1.6  2.61799383  6.73827577
  1.6  2.87979327  3.59808428
  1.6  3.14159274  5.77695546

  1.8  0.  0.83138264
  1.8  0.261799388  0.5765075
  1.8  0.523598776  0.2278394
  1.8  0.785398163  0.0074127
  1.8  1.04719755 -0.0784288
  1.8  1.30899694 -0.0895705
  1.8  1.57079633 -0.0798106
  1.8  1.83259571  0.0331555
  1.8  2.0943951  0.05504705
  1.8  2.35619449  0.300428
  1.8  2.61799388  1.9216818
  1.8  2.87979327  1.9216818
  1.8  3.14159265  2.8538536

  2.  0.  0.25976324
  2.  0.261799388  0.150799
  2.  0.523598776  0.0041006
  2.  0.785398163 -0.0852481
  2.  1.04719755 -0.1096844
  2.  1.30899694 -0.0952722
  2.  1.57079633 -0.08440864
  2.  1.83259571  0.0144697
  2.  2.0943951  0.0434126
  2.  2.35619449  0.1569239
  2.  2.61799388  0.4417732
  2.  2.87979327  0.9319441
  2.  3.14159265  1.3151891

  2.1  0.  0.10404956
  2.1  0.261799388  0.0332893
  2.1  0.523598776 -0.0579471
  2.1  0.785398163 -0.1084783
  2.1  1.04719755 -0.1144822
  2.1  1.30899694 -0.0929428
  2.1  1.57079633 -0.08282153
  2.1  1.83259571  0.0075817
  2.1  2.0943951  0.0379198
  2.1  2.35619449  0.1058668
  2.1  2.61799388  0.2942522
  2.1  2.87979327  0.6194095
  2.1  3.14159265  0.86713

  2.2  0.  0.01153216
  2.2  0.261799388 -0.0449651
  2.2  0.523598776 -0.0979919
  2.2  0.785398163 -0.121225
  2.2  1.04719755 -0.1144626
  2.2  1.30899694 -0.0886467
  2.2  1.57079633 -0.07914038
  2.2  1.83259571  0.0022862
  2.2  2.0943951  0.0277156
  2.2  2.35619449  0.0656742
  2.2  2.61799388  0.1843997
  2.2  2.87979327  0.3881495
  2.2  3.14159265  0.5254

  2.3  0. -0.04334532
  2.3  0.261799388 -0.0951973
  2.3  0.523598776 -0.1219994
  2.3  0.785398163 -0.12633443
  2.3  1.04719755 -0.1111034
  2.3  1.30899694 -0.08595988
  2.3  1.57079633 -0.07373777
  2.3  1.83259571 -0.0014973
  2.3  2.0943951  0.018537
  2.3  2.35619449  0.0342906
  2.3  2.61799388  0.1057414
  2.3  2.87979327  0.2177048
  2.3  3.14159265  0.2950461

  2.4  0. -0.0701274
  2.4  0.261799388 -0.1254147
  2.4  0.523598776 -0.1343878
  2.4  0.785398163 -0.125959
  2.4  1.04719755 -0.105655
  2.4  1.30899694 -0.08440127
  2.4  1.57079633 -0.06698623
  2.4  1.83259571 -0.0038713
  2.4  2.0943951  0.0111443
  2.4  2.35619449  0.0099984
  2.4  2.61799388  0.0537299
  2.4  2.87979327  0.0929984
  2.4  3.14159265  0.1288284

  2.5  0. -0.07767803
  2.5  0.261799388 -0.1414131
  2.5  0.523598776 -0.1383929
  2.5  0.785398163 -0.1219783
  2.5  1.04719755 -0.0990112
  2.5  1.30899694 -0.08204408
  2.5  1.57079633 -0.05925832
  2.5  1.83259571 -0.0045663
  2.5  2.0943951  0.005435
  2.5  2.35619449 -0.0086001
  2.5  2.61799388  0.0242608
  2.5  2.87979327  0.0028337
  2.5  3.14159265  0.0091447

  2.6  0. -0.07455501
  2.6  0.261799388 -0.1474651
  2.6  0.523598776 -0.1364318
  2.6  0.785398163 -0.1157481
  2.6  1.04719755 -0.0916093
  2.6  1.30899694 -0.0769615
  2.6  1.57079633 -0.0509266
  2.6  1.83259571 -0.0038986
  2.6  2.0943951  0.0012581
  2.6  2.35619449 -0.0222934
  2.6  2.61799388  0.0062112
  2.6  2.87979327 -0.061204
  2.6  3.14159265 -0.0764532

  2.7  0. -0.06693176
  2.7  0.261799388 -0.1468467
  2.7  0.523598776 -0.1306478
  2.7  0.785398163 -0.1080913
  2.7  1.04719755 -0.0835585
  2.7  1.30899694 -0.0685272
  2.7  1.57079633 -0.0423636
  2.7  1.83259571 -0.0017176
  2.7  2.0943951 -0.0019243
  2.7  2.35619449 -0.0316718
  2.7  2.61799388 -0.0116591
  2.7  2.87979327 -0.1051877
  2.7  3.14159265 -0.12909052

  2.8  0. -0.05792473
  2.8  0.261799388 -0.1418356
  2.8  0.523598776 -0.1225404
  2.8  0.785398163 -0.0994798
  2.8  1.04719755 -0.0751244
  2.8  1.30899694 -0.0601206
  2.8  1.57079633 -0.0339419
  2.8  1.83259571  0.0006776
  2.8  2.0943951 -0.0038403
  2.8  2.35619449 -0.0370051
  2.8  2.61799388 -0.0278621
  2.8  2.87979327 -0.1336222
  2.8  3.14159265 -0.15581424

  2.9  0. -0.04925524
  2.9  0.261799388 -0.133978
  2.9  0.523598776 -0.1131958
  2.9  0.785398163 -0.0903809
  2.9  1.04719755 -0.0666323
  2.9  1.30899694 -0.0519243
  2.9  1.57079633 -0.02603403
  2.9  1.83259571  0.0014753
  2.9  2.0943951 -0.0050669
  2.9  2.35619449 -0.0403619
  2.9  2.61799388 -0.0396665
  2.9  2.87979327 -0.1499605
  2.9  3.14159265 -0.16622377

  3.  0. -0.04239147
  3.  0.261799388 -0.1242583
  3.  0.523598776 -0.1033089
  3.  0.785398163 -0.0811621
  3.  1.04719755 -0.0583724
  3.  1.30899694 -0.0441215
  3.  1.57079633 -0.01901254
  3.  1.83259571  0.0006935
  3.  2.0943951 -0.0058291
  3.  2.35619449 -0.04224
  3.  2.61799388 -0.0462532
  3.  2.87979327 -0.1577483
  3.  3.14159265 -0.1699185

  3.1  0. -0.03508562
  3.1  0.261799388 -0.1137276
  3.1  0.523598776 -0.0950794
  3.1  0.785398163 -0.072111
  3.1  1.04719755 -0.0506148
  3.1  1.30899694 -0.0368879
  3.1  1.57079633 -0.01325
  3.1  1.83259571 -0.0008939
  3.1  2.0943951 -0.0061726
  3.1  2.35619449 -0.0428279
  3.1  2.61799388 -0.0486155
  3.1  2.87979327 -0.1604778
  3.1  3.14159265 -0.1727238

  3.2  0. -0.03408155
  3.2  0.261799388 -0.1030449
  3.2  0.523598776 -0.0841117
  3.2  0.785398163 -0.06346195
  3.2  1.04719755 -0.04368261
  3.2  1.30899694 -0.03006043
  3.2  1.57079633 -0.0090957
  3.2  1.83259571 -0.0020296
  3.2  2.0943951 -0.0064661
  3.2  2.35619449 -0.0424263
  3.2  2.61799388 -0.0493392
  3.2  2.87979327 -0.1600255
  3.2  3.14159265 -0.1687644

  3.3  0. -0.03895002
  3.3  0.261799388 -0.0924589
  3.3  0.523598776 -0.07325675
  3.3  0.785398163 -0.0553636
  3.3  1.04719755 -0.0373309
  3.3  1.30899694 -0.0235864
  3.3  1.57079633 -0.0061596
  3.3  1.83259571 -0.0029822
  3.3  2.0943951 -0.0067841
  3.3  2.35619449 -0.0412562
  3.3  2.61799388 -0.0496259
  3.3  2.87979327 -0.1575246
  3.3  3.14159265 -0.1607318

  3.4  0. -0.04217265
  3.4  0.261799388 -0.08216863
  3.4  0.523598776 -0.06357497
  3.4  0.785398163 -0.0479417
  3.4  1.04719755 -0.0314537
  3.4  1.30899694 -0.0179516
  3.4  1.57079633 -0.0037936
  3.4  1.83259571 -0.0035501
  3.4  2.0943951 -0.0072013
  3.4  2.35619449 -0.0396202
  3.4  2.61799388 -0.0489962
  3.4  2.87979327 -0.1526893
  3.4  3.14159265 -0.1503108

  3.5  0. -0.04174447
  3.5  0.261799388 -0.0723809
  3.5  0.523598776 -0.05499168
  3.5  0.785398163 -0.0412635
  3.5  1.04719755 -0.0264109
  3.5  1.30899694 -0.0146782
  3.5  1.57079633 -0.0058113
  3.5  1.83259571 -0.0038798
  3.5  2.0943951 -0.0076657
  3.5  2.35619449 -0.0377263
  3.5  2.61799388 -0.047551
  3.5  2.87979327 -0.1451846
  3.5  3.14159265 -0.13973

  3.6  0. -0.03930409
  3.6  0.261799388 -0.0632758
  3.6  0.523598776 -0.04743218
  3.6  0.785398163 -0.0353086
  3.6  1.04719755 -0.0211331
  3.6  1.30899694 -0.0125
  3.6  1.57079633 -0.0051821
  3.6  1.83259571 -0.0040531
  3.6  2.0943951 -0.008068
  3.6  2.35619449 -0.035752
  3.6  2.61799388 -0.0456599
  3.6  2.87979327 -0.1356506
  3.6  3.14159265 -0.1299404

  3.7  0. -0.0361701
  3.7  0.261799388 -0.0549403
  3.7  0.523598776 -0.04082177
  3.7  0.785398163 -0.0300526
  3.7  1.04719755 -0.0175052
  3.7  1.30899694 -0.0108836
  3.7  1.57079633 -0.0046898
  3.7  1.83259571 -0.0041353
  3.7  2.0943951 -0.0085089
  3.7  2.35619449 -0.0338483
  3.7  2.61799388 -0.0438343
  3.7  2.87979327 -0.1247793
  3.7  3.14159265 -0.121261

  3.8  0. -0.03322435
  3.8  0.261799388 -0.0474651
  3.8  0.523598776 -0.03508575
  3.8  0.785398163 -0.0247076
  3.8  1.04719755 -0.0151794
  3.8  1.30899694 -0.0096173
  3.8  1.57079633 -0.0042988
  3.8  1.83259571 -0.0041665
  3.8  2.0943951 -0.0088259
  3.8  2.35619449 -0.0320874
  3.8  2.61799388 -0.0426672
  3.8  2.87979327 -0.1131498
  3.8  3.14159265 -0.1129077

  3.9  0. -0.03052386
  3.9  0.261799388 -0.0408704
  3.9  0.523598776 -0.03014942
  3.9  0.785398163 -0.0204847
  3.9  1.04719755 -0.0134679
  3.9  1.30899694 -0.0085979
  3.9  1.57079633 -0.0039794
  3.9  1.83259571 -0.0041788
  3.9  2.0943951 -0.0090239
  3.9  2.35619449 -0.0304611
  3.9  2.61799388 -0.0409888
  3.9  2.87979327 -0.1012652
  3.9  3.14159265 -0.1042944

  4.  0. -0.0280947
  4.  0.261799388 -0.03518951
  4.  0.523598776 -0.0259381
  4.  0.785398163 -0.0181057
  4.  1.04719755 -0.0121186
  4.  1.30899694 -0.0077631
  4.  1.57079633 -0.0037363
  4.  1.83259571 -0.0041817
  4.  2.0943951 -0.0090956
  4.  2.35619449 -0.0289191
  4.  2.61799388 -0.0391378
  4.  2.87979327 -0.0895867
  4.  3.14159265 -0.0957008

  4.1  0. -0.0259093
  4.1  0.261799388 -0.03040556
  4.1  0.523598776 -0.0225665
  4.1  0.785398163 -0.0163783
  4.1  1.04719755 -0.0110251
  4.1  1.30899694 -0.0070707
  4.1  1.57079633 -0.0035405
  4.1  1.83259571 -0.0041808
  4.1  2.0943951 -0.0090922
  4.1  2.35619449 -0.0274189
  4.1  2.61799388 -0.0372987
  4.1  2.87979327 -0.0823798
  4.1  3.14159265 -0.0875014

  4.2  0. -0.02379069
  4.2  0.261799388 -0.0264858
  4.2  0.523598776 -0.0204779
  4.2  0.785398163 -0.0149661
  4.2  1.04719755 -0.0101034
  4.2  1.30899694 -0.0064948
  4.2  1.57079633 -0.0033904
  4.2  1.83259571 -0.0041798
  4.2  2.0943951 -0.0090103
  4.2  2.35619449 -0.0259477
  4.2  2.61799388 -0.0355047
  4.2  2.87979327 -0.0716396
  4.2  3.14159265 -0.0798856

  4.4  0. -0.02043103
  4.4  0.261799388 -0.0211078
  4.4  0.523598776 -0.0174283
  4.4  0.785398163 -0.0128532
  4.4  1.04719755 -0.0086822
  4.4  1.30899694 -0.0056084
  4.4  1.57079633 -0.0031822
  4.4  1.83259571 -0.0041884
  4.4  2.0943951 -0.0087809
  4.4  2.35619449 -0.0231409
  4.4  2.61799388 -0.0320563
  4.4  2.87979327 -0.0570665
  4.4  3.14159265 -0.0666315

  4.6  0. -0.01779631
  4.6  0.261799388 -0.0183267
  4.6  0.523598776 -0.015217
  4.6  0.785398163 -0.0113004
  4.6  1.04719755 -0.0076526
  4.6  1.30899694 -0.004977
  4.6  1.57079633 -0.0030619
  4.6  1.83259571 -0.0041786
  4.6  2.0943951 -0.0085653
  4.6  2.35619449 -0.0206346
  4.6  2.61799388 -0.0289421
  4.6  2.87979327 -0.0486464
  4.6  3.14159265 -0.0562363

  4.8  0. -0.01571766
  4.8  0.261799388 -0.016155
  4.8  0.523598776 -0.0135069
  4.8  0.785398163 -0.0101092
  4.8  1.04719755 -0.0068873
  4.8  1.30899694 -0.0045157
  4.8  1.57079633 -0.0030064
  4.8  1.83259571 -0.0041494
  4.8  2.0943951 -0.0082379
  4.8  2.35619449 -0.0184537
  4.8  2.61799388 -0.0259443
  4.8  2.87979327 -0.0417804
  4.8  3.14159265 -0.04743

  5.  0. -0.01403336
  5.  0.261799388 -0.0144212
  5.  0.523598776 -0.0121412
  5.  0.785398163 -0.009163
  5.  1.04719755 -0.006297
  5.  1.30899694 -0.0041765
  5.  1.57079633 -0.0029845
  5.  1.83259571 -0.0041098
  5.  2.0943951 -0.0079159
  5.  2.35619449 -0.0166478
  5.  2.61799388 -0.0235779
  5.  2.87979327 -0.0362489
  5.  3.14159265 -0.0406885

  5.2  0. -0.01263291
  5.2  0.261799388 -0.013008
  5.2  0.523598776 -0.0110225
  5.2  0.785398163 -0.0083849
  5.2  1.04719755 -0.0058209
  5.2  1.30899694 -0.0039234
  5.2  1.57079633 -0.0029807
  5.2  1.83259571 -0.0040697
  5.2  2.0943951 -0.007601
  5.2  2.35619449 -0.0151339
  5.2  2.61799388 -0.0238878
  5.2  2.87979327 -0.0317977
  5.2  3.14159265 -0.0353194

  5.4  0. -0.01144859
  5.4  0.261799388 -0.0118315
  5.4  0.523598776 -0.0100809
  5.4  0.785398163 -0.00808569
  5.4  1.04719755 -0.0054222
  5.4  1.30899694 -0.0037224
  5.4  1.57079633 -0.0029639
  5.4  1.83259571 -0.0040283
  5.4  2.0943951 -0.0072944
  5.4  2.35619449 -0.0138392
  5.4  2.61799388 -0.0214244
  5.4  2.87979327 -0.0281845
  5.4  3.14159265 -0.0309804

  5.6  0. -0.01042713
  5.6  0.261799388 -0.0108277
  5.6  0.523598776 -0.0092974
  5.6  0.785398163 -0.00814686
  5.6  1.04719755 -0.0086025
  5.6  1.30899694 -0.003554
  5.6  1.57079633 -0.0029218
  5.6  1.83259571 -0.0039887
  5.6  2.0943951 -0.006985
  5.6  2.35619449 -0.0127374
  5.6  2.61799388 -0.0193692
  5.6  2.87979327 -0.0252186
  5.6  3.14159265 -0.0274587

  5.8  0. -0.00953351
  5.8  0.261799388 -0.00998015
  5.8  0.523598776 -0.00863431
  5.8  0.785398163 -0.00830778
  5.8  1.04719755 -0.0073197
  5.8  1.30899694 -0.0034076
  5.8  1.57079633 -0.0028922
  5.8  1.83259571 -0.0039077
  5.8  2.0943951 -0.0066957
  5.8  2.35619449 -0.0117855
  5.8  2.61799388 -0.0176343
  5.8  2.87979327 -0.0227498
  5.8  3.14159265 -0.0245453

  6.  0. -0.00874315
  6.  0.261799388 -0.00926849
  6.  0.523598776 -0.00806789
  6.  0.785398163 -0.0083078
  6.  1.04719755 -0.0063309
  6.  1.30899694 -0.0032778
  6.  1.57079633 -0.0028608
  6.  1.83259571 -0.0038393
  6.  2.0943951 -0.0064248
  6.  2.35619449 -0.0109624
  6.  2.61799388 -0.0161525
  6.  2.87979327 -0.0206697
  6.  3.14159265 -0.0221035

  7.  0. -0.00615658
  7.  0.261799388 -0.006875
  7.  0.523598776 -0.0060649
  7.  0.785398163 -0.0049579
  7.  1.04719755 -0.003861
  7.  1.30899694 -0.0030958
  7.  1.57079633 -0.0029401
  7.  1.83259571 -0.0034527
  7.  2.0943951 -0.0052572
  7.  2.35619449 -0.0080479
  7.  2.61799388 -0.0111732
  7.  2.87979327 -0.0137239
  7.  3.14159265 -0.0140242

  8.  0. -0.00451972
  8.  0.261799388 -0.0049668
  8.  0.523598776 -0.0044482
  8.  0.785398163 -0.0037501
  8.  1.04719755 -0.0030766
  8.  1.30899694 -0.002637
  8.  1.57079633 -0.0026089
  8.  1.83259571 -0.0031788
  8.  2.0943951 -0.0044413
  8.  2.35619449 -0.0062846
  8.  2.61799388 -0.0082956
  8.  2.87979327 -0.0099135
  8.  3.14159265 -0.0097555

  9.  0. -0.00360679
  9.  0.261799388 -0.0040508
  9.  0.523598776 -0.0037002
  9.  0.785398163 -0.0032313
  9.  1.04719755 -0.0027887
  9.  1.30899694 -0.0025189
  9.  1.57079633 -0.0025371
  9.  1.83259571 -0.0029704
  9.  2.0943951 -0.0038676
  9.  2.35619449 -0.0051418
  9.  2.61799388 -0.0065319
  9.  2.87979327 -0.0076059
  9.  3.14159265 -0.0072045

  10.  0. -0.00308455
  10.  0.261799388 -0.0035526
  10.  0.523598776 -0.0033041
  10.  0.785398163 -0.0029727
  10.  1.04719755 -0.0026661
  10.  1.30899694 -0.0024957
  10.  1.57079633 -0.0025359
  10.  1.83259571 -0.0028746
  10.  2.0943951 -0.0035389
  10.  2.35619449 -0.0044551
  10.  2.61799388 -0.0054284
  10.  2.87979327 -0.006173
  10.  3.14159265 -0.0056271

  12.  0. -0.00248631
  12.  0.261799388 -0.0029711
  12.  0.523598776 -0.0028355
  12.  0.785398163 -0.0026583
  12.  1.04719755 -0.0024992
  12.  1.30899694 -0.0024427
  12.  1.57079633 -0.0025199
  12.  1.83259571 -0.0027583
  12.  2.0943951 -0.0031634
  12.  2.35619449 -0.0036909
  12.  2.61799388 -0.0042291
  12.  2.87979327 -0.0046263
  12.  3.14159265 -0.003929

  14.  0. -0.00211416
  14.  0.261799388 -0.0026161
  14.  0.523598776 -0.0025399
  14.  0.785398163 -0.0024411
  14.  1.04719755 -0.0023553
  14.  1.30899694 -0.002322
  14.  1.57079633 -0.0023765
  14.  1.83259571 -0.0025832
  14.  2.0943951 -0.0029559
  14.  2.35619449 -0.0032906
  14.  2.61799388 -0.0036339
  14.  2.87979327 -0.0038839
  14.  3.14159265 -0.0031093

  16.  0. -0.00202206
  16.  0.261799388 -0.0025305
  16.  0.523598776 -0.0024832
  16.  0.785398163 -0.0024232
  16.  1.04719755 -0.0023745
  16.  1.30899694 -0.0023635
  16.  1.57079633 -0.0024131
  16.  1.83259571 -0.0025362
  16.  2.0943951 -0.0027288
  16.  2.35619449 -0.0029648
  16.  2.61799388 -0.0031974
  16.  2.87979327 -0.0033693
  16.  3.14159265 -0.0025557

  18.  0. -0.00197927
  18.  0.261799388 -0.0024909
  18.  0.523598776 -0.0024604
  18.  0.785398163 -0.0024227
  18.  1.04719755 -0.0023948
  18.  1.30899694 -0.0023951
  18.  1.57079633 -0.0024391
  18.  1.83259571 -0.0025347
  18.  2.0943951 -0.0026776
  18.  2.35619449 -0.0028483
  18.  2.61799388 -0.0030136
  18.  2.87979327 -0.0031344
  18.  3.14159265 -0.0022984

  20.  0. -0.0019597
  20.  0.261799388 -0.0024729
  20.  0.523598776 -0.0024526
  20.  0.785398163 -0.0024285
  20.  1.04719755 -0.0024128
  20.  1.30899694 -0.0024189
  20.  1.57079633 -0.0024577
  20.  1.83259571 -0.0025341
  20.  2.0943951 -0.0026439
  20.  2.35619449 -0.0027723
  20.  2.61799388 -0.0028947
  20.  2.87979327 -0.0029834
  20.  3.14159265 -0.0021332

