  1.8  0. -0.02022277
  1.8  0.261799388 -0.03590896
  1.8  0.523598776 -0.04483764
  1.8  0.785398163 -0.04417
  1.8  1.04719755 -0.03351648
  1.8  1.30899694 -0.00671686
  1.8  1.57079633  0.00491747
  1.8  1.83259571 -0.05074682
  1.8  2.0943951 -0.06395151
  1.8  2.35619449 -0.03665023
  1.8  2.61799388 -0.01786417
  1.8  2.87979327 -0.01786417
  1.8  3.14159265  4.61E-05

  2.  0.  0.02930124
  2.  0.261799388 -0.04666846
  2.  0.523598776 -0.05415543
  2.  0.785398163 -0.0536421
  2.  1.04719755 -0.03954092
  2.  1.30899694 -0.00753996
  2.  1.57079633  0.00467724
  2.  1.83259571 -0.04767959
  2.  2.0943951 -0.04272514
  2.  2.35619449 -0.03988266
  2.  2.61799388 -0.04711967
  2.  2.87979327 -0.01306365
  2.  3.14159265  6.881E-05

  2.1  0. -0.00175183
  2.1  0.261799388 -0.0501403
  2.1  0.523598776 -0.05869301
  2.1  0.785398163 -0.05786318
  2.1  1.04719755 -0.04122726
  2.1  1.30899694 -0.00707753
  2.1  1.57079633  0.00433789
  2.1  1.83259571 -0.04692904
  2.1  2.0943951 -0.03273075
  2.1  2.35619449 -0.0402644
  2.1  2.61799388 -0.04460856
  2.1  2.87979327 -0.01182498
  2.1  3.14159265  5.107E-05

  2.2  0. -0.00023934
  2.2  0.261799388 -0.05329099
  2.2  0.523598776 -0.06311453
  2.2  0.785398163 -0.06137329
  2.2  1.04719755 -0.04185664
  2.2  1.30899694 -0.00613516
  2.2  1.57079633  0.0039169
  2.2  1.83259571 -0.04617417
  2.2  2.0943951 -0.02849712
  2.2  2.35619449 -0.0400808
  2.2  2.61799388 -0.0428794
  2.2  2.87979327 -0.01107549
  2.2  3.14159265  0.00013149

  2.3  0.  0.0007611
  2.3  0.261799388 -0.05626118
  2.3  0.523598776 -0.06708493
  2.3  0.785398163 -0.06372559
  2.3  1.04719755 -0.04143721
  2.3  1.30899694 -0.00556729
  2.3  1.57079633  0.00346269
  2.3  1.83259571 -0.04511441
  2.3  2.0943951 -0.02595431
  2.3  2.35619449 -0.03951459
  2.3  2.61799388 -0.04194938
  2.3  2.87979327 -0.01072761
  2.3  3.14159265  0.00011877

  2.4  0.  0.00128041
  2.4  0.261799388 -0.05883896
  2.4  0.523598776 -0.07023316
  2.4  0.785398163 -0.06485097
  2.4  1.04719755 -0.04007114
  2.4  1.30899694 -0.00533442
  2.4  1.57079633  0.00302364
  2.4  1.83259571 -0.04334305
  2.4  2.0943951 -0.02428285
  2.4  2.35619449 -0.03871528
  2.4  2.61799388 -0.04169819
  2.4  2.87979327 -0.01074538
  2.4  3.14159265  9.158E-05

  2.5  0.  0.001368
  2.5  0.261799388 -0.06051925
  2.5  0.523598776 -0.07206668
  2.5  0.785398163 -0.06439286
  2.5  1.04719755 -0.03795053
  2.5  1.30899694 -0.0049921
  2.5  1.57079633  0.00264814
  2.5  1.83259571 -0.04029898
  2.5  2.0943951 -0.02309796
  2.5  2.35619449 -0.03782954
  2.5  2.61799388 -0.04178167
  2.5  2.87979327 -0.01108002
  2.5  3.14159265  5.481E-05

  2.6  0.  0.00116834
  2.6  0.261799388 -0.0607779
  2.6  0.523598776 -0.06875998
  2.6  0.785398163 -0.06254423
  2.6  1.04719755 -0.03532592
  2.6  1.30899694 -0.00409591
  2.6  1.57079633  0.0023846
  2.6  1.83259571 -0.03546843
  2.6  2.0943951 -0.02221075
  2.6  2.35619449 -0.03679082
  2.6  2.61799388 -0.04155569
  2.6  2.87979327 -0.01163939
  2.6  3.14159265  3.599E-05

  2.7  0.  0.00082976
  2.7  0.261799388 -0.05848616
  2.7  0.523598776 -0.07061603
  2.7  0.785398163 -0.05961427
  2.7  1.04719755 -0.03235047
  2.7  1.30899694 -0.00244711
  2.7  1.57079633  0.00228141
  2.7  1.83259571 -0.02792421
  2.7  2.0943951 -0.02153534
  2.7  2.35619449 -0.03563921
  2.7  2.61799388 -0.04106321
  2.7  2.87979327 -0.01225564
  2.7  3.14159265 -5.901E-05

  2.8  0.  0.00043024
  2.8  0.261799388 -0.05660659
  2.8  0.523598776 -0.06761275
  2.8  0.785398163 -0.05592128
  2.8  1.04719755 -0.02916426
  2.8  1.30899694 -0.00060305
  2.8  1.57079633  0.00238697
  2.8  1.83259571 -0.0169693
  2.8  2.0943951 -0.02080269
  2.8  2.35619449 -0.03452571
  2.8  2.61799388 -0.04013076
  2.8  2.87979327 -0.01255645
  2.8  3.14159265 -0.00014665

  2.9  0. -2.421E-05
  2.9  0.261799388 -0.05289656
  2.9  0.523598776 -0.06359123
  2.9  0.785398163 -0.0517229
  2.9  1.04719755 -0.02589459
  2.9  1.30899694  0.00141125
  2.9  1.57079633  0.00274967
  2.9  1.83259571 -0.00715128
  2.9  2.0943951 -0.019991
  2.9  2.35619449 -0.03347782
  2.9  2.61799388 -0.03866465
  2.9  2.87979327 -0.01177721
  2.9  3.14159265 -0.00026223

  3.  0. -0.00064205
  3.  0.261799388 -0.04856221
  3.  0.523598776 -0.05889755
  3.  0.785398163 -0.04723887
  3.  1.04719755 -0.02261412
  3.  1.30899694  0.00354333
  3.  1.57079633  0.00341791
  3.  1.83259571 -0.00440295
  3.  2.0943951 -0.01904353
  3.  2.35619449 -0.03242937
  3.  2.61799388 -0.03652004
  3.  2.87979327 -0.00914169
  3.  3.14159265 -8.158E-05

  3.1  0. -0.0015987
  3.1  0.261799388 -0.04377821
  3.1  0.523598776 -0.05358314
  3.1  0.785398163 -0.04263681
  3.1  1.04719755 -0.01938272
  3.1  1.30899694  0.00621094
  3.1  1.57079633  0.00444008
  3.1  1.83259571 -0.0043062
  3.1  2.0943951 -0.01817802
  3.1  2.35619449 -0.0314237
  3.1  2.61799388 -0.0338644
  3.1  2.87979327 -0.00600806
  3.1  3.14159265 -5.498E-05

  3.2  0. -0.00324928
  3.2  0.261799388 -0.03892721
  3.2  0.523598776 -0.05345323
  3.2  0.785398163 -0.03803596
  3.2  1.04719755 -0.01625252
  3.2  1.30899694  0.00830745
  3.2  1.57079633  0.00521256
  3.2  1.83259571 -0.00427374
  3.2  2.0943951 -0.01697603
  3.2  2.35619449 -0.03047828
  3.2  2.61799388 -0.0313889
  3.2  2.87979327 -0.00255547
  3.2  3.14159265  5.65E-06

  3.3  0. -0.00476308
  3.3  0.261799388 -0.03419016
  3.3  0.523598776 -0.05230335
  3.3  0.785398163 -0.03349516
  3.3  1.04719755 -0.01307694
  3.3  1.30899694  0.00827975
  3.3  1.57079633  0.00397702
  3.3  1.83259571 -0.00409573
  3.3  2.0943951 -0.01571572
  3.3  2.35619449 -0.02955688
  3.3  2.61799388 -0.02949507
  3.3  2.87979327  0.00080141
  3.3  3.14159265  3.122E-05

  3.4  0. -0.00450607
  3.4  0.261799388 -0.02969454
  3.4  0.523598776 -0.04853009
  3.4  0.785398163 -0.02906317
  3.4  1.04719755 -0.0098484
  3.4  1.30899694  0.00584135
  3.4  1.57079633  0.00303588
  3.4  1.83259571 -0.00378179
  3.4  2.0943951 -0.01448039
  3.4  2.35619449 -0.02853623
  3.4  2.61799388 -0.02805912
  3.4  2.87979327  0.00349331
  3.4  3.14159265  2.908E-05

  3.5  0. -0.00365148
  3.5  0.261799388 -0.02548749
  3.5  0.523598776 -0.04272498
  3.5  0.785398163 -0.02472346
  3.5  1.04719755 -0.00662298
  3.5  1.30899694  0.00438871
  3.5  1.57079633  0.00221823
  3.5  1.83259571 -0.00341321
  3.5  2.0943951 -0.01322803
  3.5  2.35619449 -0.02734247
  3.5  2.61799388 -0.0272454
  3.5  2.87979327  0.00514826
  3.5  3.14159265  3.123E-05

  3.6  0. -0.00284524
  3.6  0.261799388 -0.02159496
  3.6  0.523598776 -0.03547955
  3.6  0.785398163 -0.02039772
  3.6  1.04719755 -0.00237949
  3.6  1.30899694  0.00347134
  3.6  1.57079633  0.00182901
  3.6  1.83259571 -0.00306133
  3.6  2.0943951 -0.0119909
  3.6  2.35619449 -0.02591159
  3.6  2.61799388 -0.02732038
  3.6  2.87979327  0.00605181
  3.6  3.14159265  3.433E-05

  3.7  0. -0.00219473
  3.7  0.261799388 -0.01802905
  3.7  0.523598776 -0.02738533
  3.7  0.785398163 -0.01579213
  3.7  1.04719755 -0.00017125
  3.7  1.30899694  0.00284796
  3.7  1.57079633  0.00151224
  3.7  1.83259571 -0.0027297
  3.7  2.0943951 -0.01078461
  3.7  2.35619449 -0.02423121
  3.7  2.61799388 -0.02804937
  3.7  2.87979327  0.00637056
  3.7  3.14159265  3.744E-05

  3.8  0. -0.0017316
  3.8  0.261799388 -0.01477863
  3.8  0.523598776 -0.01903386
  3.8  0.785398163 -0.00833981
  3.8  1.04719755  0.00068788
  3.8  1.30899694  0.00238875
  3.8  1.57079633  0.00125024
  3.8  1.83259571 -0.00242209
  3.8  2.0943951 -0.00959472
  3.8  2.35619449 -0.02231765
  3.8  2.61799388 -0.02837444
  3.8  2.87979327  0.0063403
  3.8  3.14159265  3.566E-05

  3.9  0. -0.0013923
  3.9  0.261799388 -0.01181857
  3.9  0.523598776 -0.01101665
  3.9  0.785398163 -0.0022272
  3.9  1.04719755  0.00103096
  3.9  1.30899694  0.00202991
  3.9  1.57079633  0.00103923
  3.9  1.83259571 -0.00215106
  3.9  2.0943951 -0.0084737
  3.9  2.35619449 -0.02020775
  3.9  2.61799388 -0.02745285
  3.9  2.87979327  0.00606035
  3.9  3.14159265  5.068E-05

  4.  0. -0.00113343
  4.  0.261799388 -0.00806946
  4.  0.523598776 -0.00392524
  4.  0.785398163 -1.855E-05
  4.  1.04719755  0.00114533
  4.  1.30899694  0.00173528
  4.  1.57079633  0.00086287
  4.  1.83259571 -0.00190592
  4.  2.0943951 -0.00743356
  4.  2.35619449 -0.01797099
  4.  2.61799388 -0.02550288
  4.  2.87979327  0.00558958
  4.  3.14159265  4.773E-05

  4.1  0. -0.00092214
  4.1  0.261799388 -0.00379161
  4.1  0.523598776  0.00116329
  4.1  0.785398163  0.00088293
  4.1  1.04719755  0.00114932
  4.1  1.30899694  0.00149009
  4.1  1.57079633  0.00071746
  4.1  1.83259571 -0.00168652
  4.1  2.0943951 -0.0064922
  4.1  2.35619449 -0.01571701
  4.1  2.61799388 -0.02296505
  4.1  2.87979327 -0.00505772
  4.1  3.14159265  4.68E-05

  4.2  0. -0.00061735
  4.2  0.261799388  0.00032017
  4.2  0.523598776  0.00258473
  4.2  0.785398163  0.00122471
  4.2  1.04719755  0.00109392
  4.2  1.30899694  0.00128304
  4.2  1.57079633  0.00059684
  4.2  1.83259571 -0.00148989
  4.2  2.0943951 -0.00564761
  4.2  2.35619449 -0.01356603
  4.2  2.61799388 -0.02011065
  4.2  2.87979327 -0.00986024
  4.2  3.14159265  4.578E-05

  4.4  0. -0.00029873
  4.4  0.261799388  0.00526627
  4.4  0.523598776  0.00284151
  4.4  0.785398163  0.0013145
  4.4  1.04719755  0.00092096
  4.4  1.30899694  0.00095163
  4.4  1.57079633  0.00041605
  4.4  1.83259571 -0.00116103
  4.4  2.0943951 -0.0042023
  4.4  2.35619449 -0.00988802
  4.4  2.61799388 -0.01445652
  4.4  2.87979327 -0.01715661
  4.4  3.14159265  4.287E-05

  4.6  0. -0.00013228
  4.6  0.261799388  0.00406604
  4.6  0.523598776  0.00236927
  4.6  0.785398163  0.00113177
  4.6  1.04719755  0.00073175
  4.6  1.30899694  0.00070342
  4.6  1.57079633  0.00027647
  4.6  1.83259571 -0.00090784
  4.6  2.0943951 -0.00315238
  4.6  2.35619449 -0.00714017
  4.6  2.61799388 -0.0100438
  4.6  2.87979327 -0.01141975
  4.6  3.14159265  3.968E-05

  4.8  0. -6.118E-05
  4.8  0.261799388  0.00301862
  4.8  0.523598776  0.0018299
  4.8  0.785398163  0.00089761
  4.8  1.04719755  0.00056012
  4.8  1.30899694  0.00051345
  4.8  1.57079633  0.00018822
  4.8  1.83259571 -0.00068604
  4.8  2.0943951 -0.00233963
  4.8  2.35619449 -0.00515176
  4.8  2.61799388 -0.00699608
  4.8  2.87979327 -0.00792689
  4.8  3.14159265  3.519E-05

  5.  0. -1.305E-05
  5.  0.261799388  0.00219156
  5.  0.523598776  0.00135989
  5.  0.785398163  0.00067801
  5.  1.04719755  0.00041532
  5.  1.30899694  0.00036927
  5.  1.57079633  0.00012874
  5.  1.83259571 -0.00050187
  5.  2.0943951 -0.00173173
  5.  2.35619449 -0.00372126
  5.  2.61799388 -0.00494526
  5.  2.87979327 -0.00566411
  5.  3.14159265  2.39E-05

  5.2  0.  2.317E-05
  5.2  0.261799388  0.00156384
  5.2  0.523598776  0.00098506
  5.2  0.785398163  0.0004925
  5.2  1.04719755  0.00029708
  5.2  1.30899694  0.00026276
  5.2  1.57079633  9.004E-05
  5.2  1.83259571 -0.00036916
  5.2  2.0943951 -0.00126952
  5.2  2.35619449 -0.00269009
  5.2  2.61799388 -0.00383456
  5.2  2.87979327 -0.0041188
  5.2  3.14159265  2.221E-05

  5.4  0.  4.868E-05
  5.4  0.261799388  0.00109679
  5.4  0.523598776  0.00069724
  5.4  0.785398163  0.00050336
  5.4  1.04719755  0.00020446
  5.4  1.30899694  0.00018408
  5.4  1.57079633  5.986E-05
  5.4  1.83259571 -0.00026752
  5.4  2.0943951 -0.00092179
  5.4  2.35619449 -0.00194082
  5.4  2.61799388 -0.00274615
  5.4  2.87979327 -0.00300972
  5.4  3.14159265 -1.58E-06

  5.6  0.  6.83E-05
  5.6  0.261799388  0.00075374
  5.6  0.523598776  0.0004838
  5.6  0.785398163  0.00066553
  5.6  1.04719755  0.00112986
  5.6  1.30899694  0.00012601
  5.6  1.57079633  4.197E-05
  5.6  1.83259571 -0.00019041
  5.6  2.0943951 -0.00065724
  5.6  2.35619449 -0.00139835
  5.6  2.61799388 -0.00196772
  5.6  2.87979327 -0.00220051
  5.6  3.14159265 -1.33E-06

  5.8  0.  8.123E-05
  5.8  0.261799388  0.00326596
  5.8  0.523598776  0.00034424
  5.8  0.785398163  0.00086785
  5.8  1.04719755  0.00082047
  5.8  1.30899694  8.354E-05
  5.8  1.57079633  3.222E-05
  5.8  1.83259571 -0.00013869
  5.8  2.0943951 -0.00047465
  5.8  2.35619449 -0.00099394
  5.8  2.61799388 -0.00140452
  5.8  2.87979327 -0.0016038
  5.8  3.14159265 -3.E-08

  6.  0.  8.823E-05
  6.  0.261799388  0.00232102
  6.  0.523598776  0.00026693
  6.  0.785398163  0.00099915
  6.  1.04719755  0.00058792
  6.  1.30899694  5.276E-05
  6.  1.57079633  2.316E-05
  6.  1.83259571 -9.62E-05
  6.  2.0943951 -0.00033291
  6.  2.35619449 -0.00069961
  6.  2.61799388 -0.00099673
  6.  2.87979327 -0.00116378
  6.  3.14159265 -3.E-08

  7.  0. -1.795E-05
  7.  0.261799388  0.0003812
  7.  0.523598776  0.00026838
  7.  0.785398163  0.0001573
  7.  1.04719755  9.388E-05
  7.  1.30899694  6.466E-05
  7.  1.57079633  2.892E-05
  7.  1.83259571 -5.39E-06
  7.  2.0943951 -3.713E-05
  7.  2.35619449 -9.503E-05
  7.  2.61799388 -0.00014643
  7.  2.87979327 -0.00017794
  7.  3.14159265 -1.E-08

  8.  0. -6.25E-06
  8.  0.261799388  4.508E-05
  8.  0.523598776  3.035E-05
  8.  0.785398163  1.585E-05
  8.  1.04719755  5.82E-06
  8.  1.30899694  6.39E-06
  8.  1.57079633  6.93E-06
  8.  1.83259571  2.4E-07
  8.  2.0943951 -1.944E-05
  8.  2.35619449 -5.362E-05
  8.  2.61799388 -1.01E-06
  8.  2.87979327 -6.03E-06
  8.  3.14159265  1.E-08

  9.  0.  9.41E-06
  9.  0.261799388 -2.86E-06
  9.  0.523598776 -3.42E-06
  9.  0.785398163 -3.93E-06
  9.  1.04719755 -5.44E-06
  9.  1.30899694 -1.94E-06
  9.  1.57079633  2.18E-06
  9.  1.83259571  5.09E-06
  9.  2.0943951  5.48E-06
  9.  2.35619449  2.54E-06
  9.  2.61799388 -3.04E-06
  9.  2.87979327 -8.28E-06
  9.  3.14159265 -1.E-08

  10.  0.  6.28E-06
  10.  0.261799388 -9.01E-06
  10.  0.523598776 -8.58E-06
  10.  0.785398163 -7.8E-06
  10.  1.04719755 -5.69E-06
  10.  1.30899694 -2.6E-06
  10.  1.57079633  7.5E-07
  10.  1.83259571  3.7E-06
  10.  2.0943951  5.93E-06
  10.  2.35619449  7.1E-06
  10.  2.61799388  7.05E-06
  10.  2.87979327  6.47E-06
  10.  3.14159265 -1.E-08

  12.  0.  4.02E-06
  12.  0.261799388 -5.42E-06
  12.  0.523598776 -4.79E-06
  12.  0.785398163 -3.82E-06
  12.  1.04719755 -2.63E-06
  12.  1.30899694 -1.35E-06
  12.  1.57079633  7.E-08
  12.  1.83259571  1.5E-06
  12.  2.0943951  2.93E-06
  12.  2.35619449  4.21E-06
  12.  2.61799388  5.04E-06
  12.  2.87979327  5.5E-06
  12.  3.14159265  0.

  14.  0.  2.76E-06
  14.  0.261799388 -2.48E-06
  14.  0.523598776 -2.21E-06
  14.  0.785398163 -1.76E-06
  14.  1.04719755 -1.2E-06
  14.  1.30899694 -6.1E-07
  14.  1.57079633  7.E-08
  14.  1.83259571  7.1E-07
  14.  2.0943951  1.39E-06
  14.  2.35619449  2.06E-06
  14.  2.61799388  2.52E-06
  14.  2.87979327  2.82E-06
  14.  3.14159265  0.

  16.  0.  1.57E-06
  16.  0.261799388 -1.16E-06
  16.  0.523598776 -1.03E-06
  16.  0.785398163 -8.2E-07
  16.  1.04719755 -5.4E-07
  16.  1.30899694 -2.7E-07
  16.  1.57079633  6.E-08
  16.  1.83259571  3.4E-07
  16.  2.0943951  6.6E-07
  16.  2.35619449  1.E-06
  16.  2.61799388  1.2E-06
  16.  2.87979327  1.34E-06
  16.  3.14159265 -1.E-08

  18.  0.  7.7E-07
  18.  0.261799388 -4.5E-07
  18.  0.523598776 -4.1E-07
  18.  0.785398163 -3.1E-07
  18.  1.04719755 -1.8E-07
  18.  1.30899694 -8.E-08
  18.  1.57079633  5.E-08
  18.  1.83259571  1.4E-07
  18.  2.0943951  2.8E-07
  18.  2.35619449  4.6E-07
  18.  2.61799388  5.3E-07
  18.  2.87979327  5.9E-07
  18.  3.14159265 -1.E-08

  20.  0.  2.E-07
  20.  0.261799388 -9.E-08
  20.  0.523598776 -8.E-08
  20.  0.785398163 -5.E-08
  20.  1.04719755  0.
  20.  1.30899694  1.E-08
  20.  1.57079633  4.E-08
  20.  1.83259571  3.E-08
  20.  2.0943951  6.E-08
  20.  2.35619449  1.4E-07
  20.  2.61799388  1.5E-07
  20.  2.87979327  1.6E-07
  20.  3.14159265  0.

