  1.8  0.  1.29737424
  1.8  0.261799388  0.9506802
  1.8  0.523598776  0.5504082
  1.8  0.785398163  0.3325813
  1.8  1.04719755  0.2677923
  1.8  1.30899694  0.2768128
  1.8  1.57079633  0.3429751
  1.8  1.83259571  0.3452643
  1.8  2.0943951  0.33658379
  1.8  2.35619449  0.5211255
  1.8  2.61799388  2.2582859
  1.8  2.87979327  2.2582859
  1.8  3.14159265  3.2006283

  2.  0.  0.71624275
  2.  0.261799388  0.4897839
  2.  0.523598776  0.3188182
  2.  0.785398163  0.2296055
  2.  1.04719755  0.2213531
  2.  1.30899694  0.2459739
  2.  1.57079633  0.33344436
  2.  1.83259571  0.3026182
  2.  2.0943951  0.2773804
  2.  2.35619449  0.3716454
  2.  2.61799388  0.673703
  2.  2.87979327  1.2791246
  2.  3.14159265  1.6573665

  2.1  0.  0.52263329
  2.1  0.261799388  0.3652964
  2.1  0.523598776  0.2530361
  2.1  0.785398163  0.2012541
  2.1  1.04719755  0.209602
  2.1  1.30899694  0.2381172
  2.1  1.57079633  0.32845646
  2.1  1.83259571  0.2870561
  2.1  2.0943951  0.2572345
  2.1  2.35619449  0.3192939
  2.1  2.61799388  0.5374876
  2.1  2.87979327  0.9708774
  2.1  3.14159265  1.2099132

  2.2  0.  0.42098839
  2.2  0.261799388  0.2814505
  2.2  0.523598776  0.2089649
  2.2  0.785398163  0.1834872
  2.2  1.04719755  0.2033704
  2.2  1.30899694  0.235316
  2.2  1.57079633  0.32328976
  2.2  1.83259571  0.2744769
  2.2  2.0943951  0.240506
  2.2  2.35619449  0.278917
  2.2  2.61799388  0.4334715
  2.2  2.87979327  0.743319
  2.2  3.14159265  0.8910868

  2.3  0.  0.35321161
  2.3  0.261799388  0.2256442
  2.3  0.523598776  0.1809167
  2.3  0.785398163  0.17362918
  2.3  1.04719755  0.2015123
  2.3  1.30899694  0.24907833
  2.3  1.57079633  0.31792141
  2.3  1.83259571  0.2645882
  2.3  2.0943951  0.2279502
  2.3  2.35619449  0.2484851
  2.3  2.61799388  0.3558052
  2.3  2.87979327  0.5759446
  2.3  3.14159265  0.660941

  2.4  0.  0.30901195
  2.4  0.261799388  0.1895256
  2.4  0.523598776  0.1644155
  2.4  0.785398163  0.1694395
  2.4  1.04719755  0.2031927
  2.4  1.30899694  0.27218944
  2.4  1.57079633  0.31232859
  2.4  1.83259571  0.2573403
  2.4  2.0943951  0.2189557
  2.4  2.35619449  0.2261966
  2.4  2.61799388  0.2997305
  2.4  2.87979327  0.4536002
  2.4  3.14159265  0.495086

  2.5  0.  0.28127105
  2.5  0.261799388  0.1671854
  2.5  0.523598776  0.1559771
  2.5  0.785398163  0.1693379
  2.5  1.04719755  0.2078127
  2.5  1.30899694  0.29217723
  2.5  1.57079633  0.30648844
  2.5  1.83259571  0.2526966
  2.5  2.0943951  0.2128755
  2.5  2.35619449  0.2104533
  2.5  2.61799388  0.2610083
  2.5  2.87979327  0.3650567
  2.5  3.14159265  0.3758124

  2.6  0.  0.26507463
  2.6  0.261799388  0.1543041
  2.6  0.523598776  0.1533634
  2.6  0.785398163  0.1720207
  2.6  1.04719755  0.2134953
  2.6  1.30899694  0.2965696
  2.6  1.57079633  0.30037813
  2.6  1.83259571  0.2507522
  2.6  2.0943951  0.2090867
  2.6  2.35619449  0.1999431
  2.6  2.61799388  0.2341638
  2.6  2.87979327  0.3019612
  2.6  3.14159265  0.2905755

  2.7  0.  0.25698493
  2.7  0.261799388  0.1478865
  2.7  0.523598776  0.1537729
  2.7  0.785398163  0.176333
  2.7  1.04719755  0.216579
  2.7  1.30899694  0.2812995
  2.7  1.57079633  0.29397482
  2.7  1.83259571  0.2511694
  2.7  2.0943951  0.2070841
  2.7  2.35619449  0.1934205
  2.7  2.61799388  0.2153036
  2.7  2.87979327  0.2581155
  2.7  3.14159265  0.22958166

  2.8  0.  0.2545494
  2.8  0.261799388  0.1464296
  2.8  0.523598776  0.1569479
  2.8  0.785398163  0.1811054
  2.8  1.04719755  0.2170304
  2.8  1.30899694  0.2679049
  2.8  1.57079633  0.28725567
  2.8  1.83259571  0.2532717
  2.8  2.0943951  0.2064529
  2.8  2.35619449  0.1896724
  2.8  2.61799388  0.2027424
  2.8  2.87979327  0.2288725
  2.8  3.14159265  0.18751571

  2.9  0.  0.25597431
  2.9  0.261799388  0.1480077
  2.9  0.523598776  0.1616033
  2.9  0.785398163  0.185508
  2.9  1.04719755  0.2163696
  2.9  1.30899694  0.2565102
  2.9  1.57079633  0.28019784
  2.9  1.83259571  0.253724
  2.9  2.0943951  0.2068778
  2.9  2.35619449  0.1881562
  2.9  2.61799388  0.1952717
  2.9  2.87979327  0.2105557
  2.9  3.14159265  0.16014296

  3.  0.  0.25994035
  3.  0.261799388  0.1517516
  3.  0.523598776  0.1668228
  3.  0.785398163  0.1894253
  3.  1.04719755  0.2156812
  3.  1.30899694  0.2473293
  3.  1.57079633  0.2727785
  3.  1.83259571  0.2508675
  3.  2.0943951  0.2080772
  3.  2.35619449  0.1883554
  3.  2.61799388  0.191852
  3.  2.87979327  0.1994239
  3.  3.14159265  0.1432287

  3.1  0.  0.26549427
  3.1  0.261799388  0.1566335
  3.1  0.523598776  0.1734415
  3.1  0.785398163  0.1931474
  3.1  1.04719755  0.2155849
  3.1  1.30899694  0.2406602
  3.1  1.57079633  0.2649748
  3.1  1.83259571  0.2472377
  3.1  2.0943951  0.209859
  3.1  2.35619449  0.189674
  3.1  2.61799388  0.1915355
  3.1  2.87979327  0.1921557
  3.1  3.14159265  0.1332083

  3.2  0.  0.2729531
  3.2  0.261799388  0.1621724
  3.2  0.523598776  0.1916875
  3.2  0.785398163  0.19698635
  3.2  1.04719755  0.21810652
  3.2  1.30899694  0.23277529
  3.2  1.57079633  0.2562515
  3.2  1.83259571  0.2436859
  3.2  2.0943951  0.2117918
  3.2  2.35619449  0.1916519
  3.2  2.61799388  0.1934345
  3.2  2.87979327  0.1871384
  3.2  3.14159265  0.128917

  3.3  0.  0.28376223
  3.3  0.261799388  0.1683749
  3.3  0.523598776  0.20892922
  3.3  0.785398163  0.2011503
  3.3  1.04719755  0.2207446
  3.3  1.30899694  0.2339212
  3.3  1.57079633  0.2434738
  3.3  1.83259571  0.2403932
  3.3  2.0943951  0.2136937
  3.3  2.35619449  0.1940173
  3.3  2.61799388  0.1967159
  3.3  2.87979327  0.1835837
  3.3  3.14159265  0.1288928

  3.4  0.  0.29225455
  3.4  0.261799388  0.17502308
  3.4  0.523598776  0.22169035
  3.4  0.785398163  0.2057563
  3.4  1.04719755  0.2216055
  3.4  1.30899694  0.2469966
  3.4  1.57079633  0.2311504
  3.4  1.83259571  0.2373189
  3.4  2.0943951  0.2153842
  3.4  2.35619449  0.196594
  3.4  2.61799388  0.2008002
  3.4  2.87979327  0.1816498
  3.4  3.14159265  0.132056

  3.5  0.  0.29914169
  3.5  0.261799388  0.1819922
  3.5  0.523598776  0.23076183
  3.5  0.785398163  0.2108643
  3.5  1.04719755  0.226809
  3.5  1.30899694  0.2446234
  3.5  1.57079633  0.2417172
  3.5  1.83259571  0.2344446
  3.5  2.0943951  0.2167557
  3.5  2.35619449  0.199322
  3.5  2.61799388  0.2051059
  3.5  2.87979327  0.1814881
  3.5  3.14159265  0.1377059

  3.6  0.  0.30582741
  3.6  0.261799388  0.1891895
  3.6  0.523598776  0.23693458
  3.6  0.785398163  0.2165221
  3.6  1.04719755  0.2388446
  3.6  1.30899694  0.2410132
  3.6  1.57079633  0.237584
  3.6  1.83259571  0.231788
  3.6  2.0943951  0.2177938
  3.6  2.35619449  0.2021274
  3.6  2.61799388  0.2088678
  3.6  2.87979327  0.1829977
  3.6  3.14159265  0.1452387

  3.7  0.  0.31249594
  3.7  0.261799388  0.1965281
  3.7  0.523598776  0.24099953
  3.7  0.785398163  0.2231495
  3.7  1.04719755  0.2411937
  3.7  1.30899694  0.2373799
  3.7  1.57079633  0.2339848
  3.7  1.83259571  0.2293582
  3.7  2.0943951  0.2185046
  3.7  2.35619449  0.2049108
  3.7  2.61799388  0.2110443
  3.7  2.87979327  0.185819
  3.7  3.14159265  0.153717

  3.8  0.  0.31908817
  3.8  0.261799388  0.2039903
  3.8  0.523598776  0.24374762
  3.8  0.785398163  0.2368334
  3.8  1.04719755  0.2391863
  3.8  1.30899694  0.234026
  3.8  1.57079633  0.2308613
  3.8  1.83259571  0.2271605
  3.8  2.0943951  0.2189084
  3.8  2.35619449  0.2075682
  3.8  2.61799388  0.2114967
  3.8  2.87979327  0.1895747
  3.8  3.14159265  0.1627127

  3.9  0.  0.32546883
  3.9  0.261799388  0.2115369
  3.9  0.523598776  0.24596976
  3.9  0.785398163  0.2436826
  3.9  1.04719755  0.2362986
  3.9  1.30899694  0.2310278
  3.9  1.57079633  0.2281598
  3.9  1.83259571  0.2251925
  3.9  2.0943951  0.219033
  3.9  2.35619449  0.2100146
  3.9  2.61799388  0.2117593
  3.9  2.87979327  0.1939478
  3.9  3.14159265  0.1720407

  4.  0.  0.33161931
  4.  0.261799388  0.22069744
  4.  0.523598776  0.2484569
  4.  0.785398163  0.2419838
  4.  1.04719755  0.233352
  4.  1.30899694  0.2283899
  4.  1.57079633  0.2258319
  4.  1.83259571  0.2234461
  4.  2.0943951  0.2189323
  4.  2.35619449  0.2121747
  4.  2.61799388  0.2129098
  4.  2.87979327  0.1987108
  4.  3.14159265  0.1815365

  4.1  0.  0.3376195
  4.1  0.261799388  0.23053379
  4.1  0.523598776  0.2502457
  4.1  0.785398163  0.2388887
  4.1  1.04719755  0.2305954
  4.1  1.30899694  0.2260933
  4.1  1.57079633  0.2238334
  4.1  1.83259571  0.221909
  4.1  2.0943951  0.2186624
  4.1  2.35619449  0.2139763
  4.1  2.61799388  0.2147322
  4.1  2.87979327  0.1872819
  4.1  3.14159265  0.1910606

  4.2  0.  0.34357553
  4.2  0.261799388  0.23933322
  4.2  0.523598776  0.2465824
  4.2  0.785398163  0.2356541
  4.2  1.04719755  0.2281066
  4.2  1.30899694  0.2241067
  4.2  1.57079633  0.2221245
  4.2  1.83259571  0.2205663
  4.2  2.0943951  0.2182777
  4.2  2.35619449  0.2153672
  4.2  2.61799388  0.2167937
  4.2  2.87979327  0.1952955
  4.2  3.14159265  0.2005015

  4.4  0.  0.35414255
  4.4  0.261799388  0.2469704
  4.4  0.523598776  0.2383822
  4.4  0.785398163  0.2298485
  4.4  1.04719755  0.2239989
  4.4  1.30899694  0.2209366
  4.4  1.57079633  0.2194355
  4.4  1.83259571  0.2183978
  4.4  2.0943951  0.2173515
  4.4  2.35619449  0.2169307
  4.4  2.61799388  0.2201777
  4.4  2.87979327  0.2324434
  4.4  3.14159265  0.2188141

  4.6  0.  0.35997682
  4.6  0.261799388  0.2378989
  4.6  0.523598776  0.2316373
  4.6  0.785398163  0.2252821
  4.6  1.04719755  0.2209122
  4.6  1.30899694  0.2186398
  4.6  1.57079633  0.2175204
  4.6  1.83259571  0.2168097
  4.6  2.0943951  0.2164187
  4.6  2.35619449  0.2172624
  4.6  2.61799388  0.2215376
  4.6  2.87979327  0.2329761
  4.6  3.14159265  0.2319797

  4.8  0.  0.36211759
  4.8  0.261799388  0.2310461
  4.8  0.523598776  0.2265001
  4.8  0.785398163  0.2218497
  4.8  1.04719755  0.218659
  4.8  1.30899694  0.2170097
  4.8  1.57079633  0.2161832
  4.8  1.83259571  0.2156772
  4.8  2.0943951  0.2156073
  4.8  2.35619449  0.2169356
  4.8  2.61799388  0.2212487
  4.8  2.87979327  0.2301941
  4.8  3.14159265  0.2519483

  5.  0.  0.36263954
  5.  0.261799388  0.2259808
  5.  0.523598776  0.2227001
  5.  0.785398163  0.2193411
  5.  1.04719755  0.2170542
  5.  1.30899694  0.215879
  5.  1.57079633  0.2152715
  5.  1.83259571  0.2148958
  5.  2.0943951  0.2149632
  5.  2.35619449  0.2163544
  5.  2.61799388  0.2201884
  5.  2.87979327  0.2268884
  5.  3.14159265  0.2665055

  5.2  0.  0.36259129
  5.2  0.261799388  0.2222974
  5.2  0.523598776  0.2199476
  5.2  0.785398163  0.2175498
  5.2  1.04719755  0.2159391
  5.2  1.30899694  0.2151154
  5.2  1.57079633  0.2146679
  5.2  1.83259571  0.214379
  5.2  2.0943951  0.2144882
  5.2  2.35619449  0.2157496
  5.2  2.61799388  0.2189671
  5.2  2.87979327  0.2238889
  5.2  3.14159265  0.2797353

  5.4  0.  0.3623971
  5.4  0.261799388  0.219657
  5.4  0.523598776  0.2179907
  5.4  0.785398163  0.2162889
  5.4  1.04719755  0.215185
  5.4  1.30899694  0.2146156
  5.4  1.57079633  0.2142845
  5.4  1.83259571  0.2140557
  5.4  2.0943951  0.2141624
  5.4  2.35619449  0.2152222
  5.4  2.61799388  0.217783
  5.4  2.87979327  0.2214118
  5.4  3.14159265  0.291718

  5.6  0.  0.36221075
  5.6  0.261799388  0.2177935
  5.6  0.523598776  0.2166454
  5.6  0.785398163  0.21543871
  5.6  1.04719755  0.2147131
  5.6  1.30899694  0.2143021
  5.6  1.57079633  0.2140559
  5.6  1.83259571  0.2138712
  5.6  2.0943951  0.213957
  5.6  2.35619449  0.2148066
  5.6  2.61799388  0.2167925
  5.6  2.87979327  0.2194614
  5.6  3.14159265  0.3025502

  5.8  0.  0.36207652
  5.8  0.261799388  0.21643801
  5.8  0.523598776  0.21567705
  5.8  0.785398163  0.21489654
  5.8  1.04719755  0.2143944
  5.8  1.30899694  0.2141177
  5.8  1.57079633  0.2139335
  5.8  1.83259571  0.2137823
  5.8  2.0943951  0.2138448
  5.8  2.35619449  0.2145024
  5.8  2.61799388  0.2160137
  5.8  2.87979327  0.2179718
  5.8  3.14159265  0.3123203

  6.  0.  0.36199712
  6.  0.261799388  0.21547592
  6.  0.523598776  0.21499432
  6.  0.785398163  0.2145597
  6.  1.04719755  0.2142054
  6.  1.30899694  0.2140212
  6.  1.57079633  0.2138831
  6.  1.83259571  0.2137593
  6.  2.0943951  0.2137992
  6.  2.35619449  0.2142954
  6.  2.61799388  0.2154277
  6.  2.87979327  0.2168599
  6.  3.14159265  0.3210893

  7.  0.  0.37096462
  7.  0.261799388  0.2142224
  7.  0.523598776  0.2141623
  7.  0.785398163  0.2141139
  7.  1.04719755  0.2140928
  7.  1.30899694  0.2140788
  7.  1.57079633  0.2140489
  7.  1.83259571  0.2140072
  7.  2.0943951  0.2139977
  7.  2.35619449  0.214089
  7.  2.61799388  0.2143142
  7.  2.87979327  0.2145901
  7.  3.14159265  0.3502774

  8.  0.  0.37137845
  8.  0.261799388  0.2142293
  8.  0.523598776  0.2142353
  8.  0.785398163  0.214247
  8.  1.04719755  0.2142605
  8.  1.30899694  0.2142684
  8.  1.57079633  0.2142662
  8.  1.83259571  0.2142567
  8.  2.0943951  0.214251
  8.  2.35619449  0.2142649
  8.  2.61799388  0.2143046
  8.  2.87979327  0.2143538
  8.  3.14159265  0.359799

  9.  0.  0.3716038
  9.  0.261799388  0.2143455
  9.  0.523598776  0.2143538
  9.  0.785398163  0.2143651
  9.  1.04719755  0.2143761
  9.  1.30899694  0.2143837
  9.  1.57079633  0.2143869
  9.  1.83259571  0.214387
  9.  2.0943951  0.2143875
  9.  2.35619449  0.2143923
  9.  2.61799388  0.2144024
  9.  2.87979327  0.2144137
  9.  3.14159265  0.3618545

  10.  0.  0.37173749
  10.  0.261799388  0.2144226
  10.  0.523598776  0.2144277
  10.  0.785398163  0.2144346
  10.  1.04719755  0.2144413
  10.  1.30899694  0.2144467
  10.  1.57079633  0.2144503
  10.  1.83259571  0.2144528
  10.  2.0943951  0.2144557
  10.  2.35619449  0.2144599
  10.  2.61799388  0.2144655
  10.  2.87979327  0.2144705
  10.  3.14159265  0.3622775

  12.  0.  0.37189104
  12.  0.261799388  0.2144939
  12.  0.523598776  0.2144957
  12.  0.785398163  0.2144982
  12.  1.04719755  0.214501
  12.  1.30899694  0.2145037
  12.  1.57079633  0.2145063
  12.  1.83259571  0.214509
  12.  2.0943951  0.2145122
  12.  2.35619449  0.2145158
  12.  2.61799388  0.2145194
  12.  2.87979327  0.2145222
  12.  3.14159265  0.3624212

  14.  0.  0.37197079
  14.  0.261799388  0.2145216
  14.  0.523598776  0.2145224
  14.  0.785398163  0.2145236
  14.  1.04719755  0.2145251
  14.  1.30899694  0.2145267
  14.  1.57079633  0.2145285
  14.  1.83259571  0.2145305
  14.  2.0943951  0.2145328
  14.  2.35619449  0.2145354
  14.  2.61799388  0.2145378
  14.  2.87979327  0.2145396
  14.  3.14159265  0.3624502

  16.  0.  0.37202339
  16.  0.261799388  0.2145346
  16.  0.523598776  0.2145351
  16.  0.785398163  0.2145358
  16.  1.04719755  0.2145367
  16.  1.30899694  0.2145378
  16.  1.57079633  0.214539
  16.  1.83259571  0.2145405
  16.  2.0943951  0.2145422
  16.  2.35619449  0.2145441
  16.  2.61799388  0.2145458
  16.  2.87979327  0.214547
  16.  3.14159265  0.3624614

  18.  0.  0.37205523
  18.  0.261799388  0.2145414
  18.  0.523598776  0.2145417
  18.  0.785398163  0.2145422
  18.  1.04719755  0.2145429
  18.  1.30899694  0.2145437
  18.  1.57079633  0.2145446
  18.  1.83259571  0.2145458
  18.  2.0943951  0.2145471
  18.  2.35619449  0.2145484
  18.  2.61799388  0.2145497
  18.  2.87979327  0.2145505
  18.  3.14159265  0.3624666

  20.  0.  0.37207668
  20.  0.261799388  0.2145454
  20.  0.523598776  0.2145456
  20.  0.785398163  0.214546
  20.  1.04719755  0.2145465
  20.  1.30899694  0.2145471
  20.  1.57079633  0.2145479
  20.  1.83259571  0.2145488
  20.  2.0943951  0.2145498
  20.  2.35619449  0.2145508
  20.  2.61799388  0.2145517
  20.  2.87979327  0.2145524
  20.  3.14159265  0.362469

